camiao(1, 1200, 493).

pontoGrafo(1, 0.0103455, 0.360107).
pontoGrafo(2, 0.0176697, 0.0148621).
pontoGrafo(3, 0.0302429, 0.949036).
pontoGrafo(4, 0.0682678, 0.655212).
pontoGrafo(5, 0.0839233, 0.165222).
pontoGrafo(6, 0.0893555, 0.609344).
pontoGrafo(7, 0.145294, 0.764984).
pontoGrafo(8, 0.156738, 0.428375).
pontoGrafo(9, 0.182037, 0.266449).
pontoGrafo(10, 0.182343, 0.877716).
pontoGrafo(11, 0.219116, 0.353027).
pontoGrafo(12, 0.237335, 0.798767).
pontoGrafo(13, 0.250275, 0.571747).
pontoGrafo(14, 0.262421, 0.639313).
pontoGrafo(15, 0.264343, 0.40152).
pontoGrafo(16, 0.270416, 0.816376).
pontoGrafo(17, 0.286926, 0.777008).
pontoGrafo(18, 0.295868, 0.150879).
pontoGrafo(19, 0.351013, 0.530701).
pontoGrafo(20, 0.353027, 0.559692).
pontoGrafo(21, 0.447174, 0.326813).
pontoGrafo(22, 0.451538, 0.392395).
pontoGrafo(23, 0.507111, 0.232574).
pontoGrafo(24, 0.519287, 0.540894).
pontoGrafo(25, 0.534149, 0.205597).
pontoGrafo(26, 0.563965, 0.189758).
pontoGrafo(27, 0.575348, 0.999817).
pontoGrafo(28, 0.595337, 0.084137).
pontoGrafo(29, 0.656128, 0.250336).
pontoGrafo(30, 0.673798, 0.384918).
pontoGrafo(31, 0.680695, 0.694489).
pontoGrafo(32, 0.751984, 0.133362).
pontoGrafo(33, 0.790741, 0.71109).
pontoGrafo(34, 0.828857, 0.144501).
pontoGrafo(35, 0.829102, 0.207397).
pontoGrafo(36, 0.851074, 0.332794).
pontoGrafo(37, 0.894501, 0.402496).
pontoGrafo(38, 0.935547, 0.653137).
pontoGrafo(39, 0.97113, 0.154266).
pontoGrafo(40, 0.996277, 0.868805).

pontoInicial(35).
pontoFinal(33).

pontoAbastecimento(4).
pontoAbastecimento(18).
pontoAbastecimento(19).
pontoAbastecimento(29).

encomenda(1, 48.9212, 761.88, 39, 'Katie Warner').
encomenda(2, 38.8397, 131.334, 3, 'Dewey Cole').
encomenda(3, 28.1769, 437.608, 12, 'Connie Strickland').
encomenda(4, 6.33392, 1582.47, 26, 'Leslie Kelly').
encomenda(5, 11.2854, 1123.6, 40, 'Jean Murray').
encomenda(6, 42.2882, 179.38, 10, 'Allen Swanson').
encomenda(7, 13.6887, 670.44, 11, 'Antonio Garza').
encomenda(8, 38.9175, 535.302, 6, 'Felix Luna').

sucessor(1, 3, 65.4738).
sucessor(3, 1, 65.4738).
sucessor(1, 4, 33.4151).
sucessor(4, 1, 33.4151).
sucessor(1, 5, 23.1458).
sucessor(5, 1, 23.1458).
sucessor(2, 5, 18.2566).
sucessor(5, 2, 18.2566).
sucessor(2, 6, 66.5321).
sucessor(6, 2, 66.5321).
sucessor(3, 5, 87.2944).
sucessor(5, 3, 87.2944).
sucessor(4, 5, 54.4711).
sucessor(5, 4, 54.4711).
sucessor(4, 8, 27.0532).
sucessor(8, 4, 27.0532).
sucessor(5, 6, 49.3506).
sucessor(6, 5, 49.3506).
sucessor(5, 8, 30.3379).
sucessor(8, 5, 30.3379).
sucessor(6, 7, 18.3763).
sucessor(7, 6, 18.3763).
sucessor(6, 10, 31.5583).
sucessor(10, 6, 31.5583).
sucessor(7, 10, 13.1849).
sucessor(10, 7, 13.1849).
sucessor(7, 11, 46.5021).
sucessor(11, 7, 46.5021).
sucessor(8, 12, 42.1177).
sucessor(12, 8, 42.1177).
sucessor(9, 13, 34.759).
sucessor(13, 9, 34.759).
sucessor(10, 12, 10.6904).
sucessor(12, 10, 10.6904).
sucessor(10, 13, 34.8244).
sucessor(13, 10, 34.8244).
sucessor(11, 13, 24.5475).
sucessor(13, 11, 24.5475).
sucessor(11, 15, 7.36777).
sucessor(15, 11, 7.36777).
sucessor(12, 15, 44.2405).
sucessor(15, 12, 44.2405).
sucessor(13, 15, 18.9786).
sucessor(15, 13, 18.9786).
sucessor(14, 15, 26.4223).
sucessor(15, 14, 26.4223).
sucessor(14, 17, 15.5399).
sucessor(17, 14, 15.5399).
sucessor(15, 16, 46.1).
sucessor(16, 15, 46.1).
sucessor(15, 18, 28.0684).
sucessor(18, 15, 28.0684).
sucessor(15, 19, 17.2846).
sucessor(19, 15, 17.2846).
sucessor(16, 19, 32.9807).
sucessor(19, 16, 32.9807).
sucessor(17, 19, 28.2787).
sucessor(19, 17, 28.2787).
sucessor(17, 20, 25.2385).
sucessor(20, 17, 25.2385).
sucessor(17, 21, 53.0961).
sucessor(21, 17, 53.0961).
sucessor(18, 19, 42.6449).
sucessor(19, 18, 42.6449).
sucessor(18, 22, 31.9265).
sucessor(22, 18, 31.9265).
sucessor(20, 22, 21.5718).
sucessor(22, 20, 21.5718).
sucessor(21, 22, 7.30303).
sucessor(22, 21, 7.30303).
sucessor(22, 24, 18.1359).
sucessor(24, 22, 18.1359).
sucessor(22, 25, 22.6945).
sucessor(25, 22, 22.6945).
sucessor(23, 24, 34.2844).
sucessor(24, 23, 34.2844).
sucessor(23, 25, 4.24391).
sucessor(25, 23, 4.24391).
sucessor(23, 26, 7.90814).
sucessor(26, 23, 7.90814).
sucessor(25, 26, 3.75127).
sucessor(26, 25, 3.75127).
sucessor(25, 28, 15.1113).
sucessor(28, 25, 15.1113).
sucessor(25, 29, 14.4361).
sucessor(29, 25, 14.4361).
sucessor(26, 27, 90.0154).
sucessor(27, 26, 90.0154).
sucessor(27, 29, 83.758).
sucessor(29, 27, 83.758).
sucessor(27, 31, 35.8879).
sucessor(31, 27, 35.8879).
sucessor(28, 31, 68.4768).
sucessor(31, 28, 68.4768).
sucessor(29, 30, 15.0819).
sucessor(30, 29, 15.0819).
sucessor(29, 31, 49.4257).
sucessor(31, 29, 49.4257).
sucessor(30, 34, 31.7871).
sucessor(34, 30, 31.7871).
sucessor(32, 33, 64.3363).
sucessor(33, 32, 64.3363).
sucessor(32, 36, 24.7437).
sucessor(36, 32, 24.7437).
sucessor(33, 34, 63.0967).
sucessor(34, 33, 63.0967).
sucessor(33, 35, 56.1279).
sucessor(35, 33, 56.1279).
sucessor(33, 36, 42.5641).
sucessor(36, 33, 42.5641).
sucessor(33, 37, 36.1745).
sucessor(37, 33, 36.1745).
sucessor(34, 38, 57.745).
sucessor(38, 34, 57.745).
sucessor(35, 37, 22.8632).
sucessor(37, 35, 22.8632).
sucessor(36, 37, 9.12482).
sucessor(37, 36, 9.12482).
sucessor(37, 1, 98.3523).
sucessor(1, 37, 98.3523).
sucessor(37, 40, 53.0318).
sucessor(40, 37, 53.0318).
sucessor(38, 1, 107.833).
sucessor(1, 38, 107.833).
sucessor(38, 2, 124.221).
sucessor(2, 38, 124.221).
sucessor(38, 39, 55.5709).
sucessor(39, 38, 55.5709).
sucessor(39, 1, 109.176).
sucessor(1, 39, 109.176).
sucessor(40, 3, 107.707).
sucessor(3, 40, 107.707).
sucessor(40, 4, 105.808).
sucessor(4, 40, 105.808).
