camiao(1, 250, 265).

pontoGrafo(1, 0.0158081, 0.210815).
pontoGrafo(2, 0.0167847, 0.216888).
pontoGrafo(3, 0.0978699, 0.947876).
pontoGrafo(4, 0.107727, 0.0378723).
pontoGrafo(5, 0.147247, 0.855133).
pontoGrafo(6, 0.337006, 0.434174).
pontoGrafo(7, 0.371552, 0.645874).
pontoGrafo(8, 0.435516, 0.31604).
pontoGrafo(9, 0.578461, 0.271393).
pontoGrafo(10, 0.652527, 0.230164).

pontoInicial(5).
pontoFinal(1).

pontoAbastecimento(2).

encomenda(1, 13.7909, 1927.8, 4, 'Ellen Francis').
encomenda(2, 28.9063, 1987.97, 10, 'Rachel Gonzalez').

sucessor(1, 5, 73.0653).
sucessor(5, 1, 73.0653).
sucessor(2, 3, 81.719).
sucessor(3, 2, 81.719).
sucessor(2, 4, 22.3102).
sucessor(4, 2, 22.3102).
sucessor(2, 6, 42.9979).
sucessor(6, 2, 42.9979).
sucessor(3, 5, 11.6743).
sucessor(5, 3, 11.6743).
sucessor(5, 7, 34.0844).
sucessor(7, 5, 34.0844).
sucessor(5, 9, 80.6377).
sucessor(9, 5, 80.6377).
sucessor(6, 10, 41.7479).
sucessor(10, 6, 41.7479).
sucessor(7, 1, 62.443).
sucessor(1, 7, 62.443).
sucessor(7, 8, 37.331).
sucessor(8, 7, 37.331).
sucessor(7, 10, 55.751).
sucessor(10, 7, 55.751).
sucessor(8, 1, 48.0775).
sucessor(1, 8, 48.0775).
sucessor(8, 9, 16.6394).
sucessor(9, 8, 16.6394).
sucessor(9, 3, 92.2019).
sucessor(3, 9, 92.2019).
sucessor(9, 10, 9.41869).
sucessor(10, 9, 9.41869).
sucessor(10, 1, 70.7792).
sucessor(1, 10, 70.7792).
sucessor(10, 2, 70.6534).
sucessor(2, 10, 70.6534).
