camiao(1, 1400, 383).

pontoGrafo(1, 0.0585938, 0.43866).
pontoGrafo(2, 0.144257, 0.906097).
pontoGrafo(3, 0.148193, 0.816986).
pontoGrafo(4, 0.208282, 0.448547).
pontoGrafo(5, 0.246307, 0.152283).
pontoGrafo(6, 0.275238, 0.00460815).
pontoGrafo(7, 0.295502, 0.859222).
pontoGrafo(8, 0.423035, 0.132324).
pontoGrafo(9, 0.459961, 0.693695).
pontoGrafo(10, 0.4729, 0.30838).
pontoGrafo(11, 0.489258, 0.133636).
pontoGrafo(12, 0.614777, 0.340057).
pontoGrafo(13, 0.653381, 0.492188).
pontoGrafo(14, 0.71521, 0.802429).
pontoGrafo(15, 0.718719, 0.275421).
pontoGrafo(16, 0.72168, 0.809479).
pontoGrafo(17, 0.790863, 0.339874).
pontoGrafo(18, 0.868317, 0.721558).
pontoGrafo(19, 0.906555, 0.962555).
pontoGrafo(20, 0.95108, 0.209412).

pontoInicial(17).
pontoFinal(6).

pontoAbastecimento(8).
pontoAbastecimento(11).

encomenda(1, 44.2993, 1638.07, 16, 'Mable Richardson').
encomenda(2, 43.6554, 1753.69, 1, 'Pamela Berry').
encomenda(3, 23.2788, 1545.49, 7, 'Miguel Vega').
encomenda(4, 7.62482, 1168.75, 10, 'Orlando Bryant').

sucessor(1, 3, 43.1991).
sucessor(3, 1, 43.1991).
sucessor(1, 4, 16.6683).
sucessor(4, 1, 16.6683).
sucessor(2, 5, 84.5212).
sucessor(5, 2, 84.5212).
sucessor(3, 5, 74.6562).
sucessor(5, 3, 74.6562).
sucessor(4, 5, 33.1883).
sucessor(5, 4, 33.1883).
sucessor(4, 6, 49.8844).
sucessor(6, 4, 49.8844).
sucessor(4, 8, 42.4723).
sucessor(8, 4, 42.4723).
sucessor(5, 6, 16.7202).
sucessor(6, 5, 16.7202).
sucessor(5, 8, 19.7612).
sucessor(8, 5, 19.7612).
sucessor(5, 9, 64.6716).
sucessor(9, 5, 64.6716).
sucessor(6, 10, 40.2688).
sucessor(10, 6, 40.2688).
sucessor(7, 11, 83.4456).
sucessor(11, 7, 83.4456).
sucessor(8, 10, 20.3313).
sucessor(10, 8, 20.3313).
sucessor(8, 11, 7.35957).
sucessor(11, 8, 7.35957).
sucessor(9, 11, 62.3138).
sucessor(11, 9, 62.3138).
sucessor(10, 11, 19.5008).
sucessor(11, 10, 19.5008).
sucessor(10, 12, 16.1522).
sucessor(12, 10, 16.1522).
sucessor(11, 12, 26.8431).
sucessor(12, 11, 26.8431).
sucessor(11, 15, 29.9703).
sucessor(15, 11, 29.9703).
sucessor(12, 13, 17.4391).
sucessor(13, 12, 17.4391).
sucessor(12, 15, 13.6001).
sucessor(15, 12, 13.6001).
sucessor(13, 17, 22.7982).
sucessor(17, 13, 22.7982).
sucessor(14, 17, 52.0779).
sucessor(17, 14, 52.0779).
sucessor(15, 19, 79.1494).
sucessor(19, 15, 79.1494).
sucessor(16, 17, 52.7415).
sucessor(17, 16, 52.7415).
sucessor(16, 18, 18.9972).
sucessor(18, 16, 18.9972).
sucessor(18, 19, 27.1125).
sucessor(19, 18, 27.1125).
sucessor(18, 20, 57.6434).
sucessor(20, 18, 57.6434).
