camiao(1, 1800, 391).

pontoGrafo(1, 0.00421143, 0.328033).
pontoGrafo(2, 0.00640869, 0.649841).
pontoGrafo(3, 0.0275269, 0.336761).
pontoGrafo(4, 0.047699, 0.515961).
pontoGrafo(5, 0.0690308, 0.864807).
pontoGrafo(6, 0.0694885, 0.411926).
pontoGrafo(7, 0.0785828, 0.651398).
pontoGrafo(8, 0.0793762, 0.207245).
pontoGrafo(9, 0.0961609, 0.818726).
pontoGrafo(10, 0.0996399, 0.937317).
pontoGrafo(11, 0.103027, 0.893829).
pontoGrafo(12, 0.114929, 0.791656).
pontoGrafo(13, 0.128723, 0.706635).
pontoGrafo(14, 0.129303, 0.752655).
pontoGrafo(15, 0.160126, 0.119659).
pontoGrafo(16, 0.163361, 0.962524).
pontoGrafo(17, 0.20224, 0.4021).
pontoGrafo(18, 0.204865, 0.619019).
pontoGrafo(19, 0.211456, 0.390381).
pontoGrafo(20, 0.230011, 0.976746).
pontoGrafo(21, 0.234222, 0.121033).
pontoGrafo(22, 0.247803, 0.532593).
pontoGrafo(23, 0.248535, 0.307678).
pontoGrafo(24, 0.25473, 0.45816).
pontoGrafo(25, 0.269745, 0.0293884).
pontoGrafo(26, 0.272949, 0.474945).
pontoGrafo(27, 0.277435, 0.609009).
pontoGrafo(28, 0.278748, 0.470428).
pontoGrafo(29, 0.280243, 0.473175).
pontoGrafo(30, 0.290009, 0.134766).
pontoGrafo(31, 0.290619, 0.713318).
pontoGrafo(32, 0.293793, 0.237823).
pontoGrafo(33, 0.297577, 0.517944).
pontoGrafo(34, 0.309692, 0.642212).
pontoGrafo(35, 0.32251, 0.177673).
pontoGrafo(36, 0.328796, 0.342743).
pontoGrafo(37, 0.362305, 0.0193481).
pontoGrafo(38, 0.393555, 0.851471).
pontoGrafo(39, 0.428955, 0.728912).
pontoGrafo(40, 0.44574, 0.142029).
pontoGrafo(41, 0.446381, 0.0630493).
pontoGrafo(42, 0.448914, 0.75351).
pontoGrafo(43, 0.454224, 0.731964).
pontoGrafo(44, 0.462616, 0.847321).
pontoGrafo(45, 0.472107, 0.0233765).
pontoGrafo(46, 0.480347, 0.562073).
pontoGrafo(47, 0.509613, 0.543488).
pontoGrafo(48, 0.509827, 0.992157).
pontoGrafo(49, 0.510345, 0.718597).
pontoGrafo(50, 0.527618, 0.204285).
pontoGrafo(51, 0.530121, 0.397034).
pontoGrafo(52, 0.535614, 0.480469).
pontoGrafo(53, 0.558838, 0.715759).
pontoGrafo(54, 0.592743, 0.202789).
pontoGrafo(55, 0.598145, 0.000701904).
pontoGrafo(56, 0.604034, 0.618408).
pontoGrafo(57, 0.617004, 0.72818).
pontoGrafo(58, 0.625732, 0.178497).
pontoGrafo(59, 0.658997, 0.335144).
pontoGrafo(60, 0.673187, 0.779388).
pontoGrafo(61, 0.675446, 0.113586).
pontoGrafo(62, 0.676636, 0.740112).
pontoGrafo(63, 0.803589, 0.513031).
pontoGrafo(64, 0.815125, 0.380127).
pontoGrafo(65, 0.82312, 0.189697).
pontoGrafo(66, 0.83017, 0.6138).
pontoGrafo(67, 0.845001, 0.992401).
pontoGrafo(68, 0.858307, 0.269867).
pontoGrafo(69, 0.859955, 0.0840759).
pontoGrafo(70, 0.879211, 0.13623).
pontoGrafo(71, 0.891174, 0.844604).
pontoGrafo(72, 0.907104, 0.793121).
pontoGrafo(73, 0.921417, 0.607788).
pontoGrafo(74, 0.926117, 0.646973).
pontoGrafo(75, 0.944183, 0.762817).
pontoGrafo(76, 0.946472, 0.532806).
pontoGrafo(77, 0.947052, 0.165497).
pontoGrafo(78, 0.973236, 0.451782).
pontoGrafo(79, 0.979828, 0.299316).
pontoGrafo(80, 0.996948, 0.0542603).

pontoInicial(79).
pontoFinal(68).

pontoAbastecimento(24).
pontoAbastecimento(26).
pontoAbastecimento(27).
pontoAbastecimento(45).
pontoAbastecimento(55).
pontoAbastecimento(60).
pontoAbastecimento(74).

encomenda(1, 8.05817, 267.159, 1, 'Cynthia Gutierrez').
encomenda(2, 23.5199, 2252.68, 30, 'Edmund Jacobs').
encomenda(3, 39.5828, 2216.07, 76, 'Raymond Owens').
encomenda(4, 38.7589, 2209.59, 73, 'Connie Strickland').
encomenda(5, 35.7895, 1346.59, 41, 'Forrest Washington').
encomenda(6, 14.1098, 1892.64, 44, 'Wesley Blake').
encomenda(7, 3.80096, 1637.16, 62, 'Dewey Cole').
encomenda(8, 21.376, 1986.29, 13, 'Brent Owen').
encomenda(9, 16.6718, 2491.61, 32, 'Connie Strickland').
encomenda(10, 47.2107, 1260.57, 22, 'Jacob Maxwell').
encomenda(11, 25.2884, 1951.13, 13, 'Wilbur Mills').
encomenda(12, 8.1543, 1813.71, 36, 'Garrett Douglas').
encomenda(13, 26.5442, 1467.93, 35, 'Mable Richardson').
encomenda(14, 21.9284, 881.309, 57, 'Sarah Garrett').
encomenda(15, 37.7457, 2244.14, 6, 'Boyd Blair').
encomenda(16, 34.967, 1701.75, 42, 'Pamela Berry').

sucessor(1, 3, 2.76617).
sucessor(3, 1, 2.76617).
sucessor(1, 5, 60.0748).
sucessor(5, 1, 60.0748).
sucessor(2, 4, 15.567).
sucessor(4, 2, 15.567).
sucessor(3, 5, 58.8527).
sucessor(5, 3, 58.8527).
sucessor(4, 8, 34.4819).
sucessor(8, 4, 34.4819).
sucessor(5, 7, 23.7359).
sucessor(7, 5, 23.7359).
sucessor(6, 8, 22.7689).
sucessor(8, 6, 22.7689).
sucessor(7, 11, 27.0734).
sucessor(11, 7, 27.0734).
sucessor(8, 11, 76.3324).
sucessor(11, 8, 76.3324).
sucessor(9, 10, 13.1825).
sucessor(10, 9, 13.1825).
sucessor(10, 13, 25.8343).
sucessor(13, 10, 25.8343).
sucessor(11, 14, 15.9554).
sucessor(14, 11, 15.9554).
sucessor(12, 13, 9.57041).
sucessor(13, 12, 9.57041).
sucessor(12, 15, 74.835).
sucessor(15, 12, 74.835).
sucessor(12, 16, 19.7332).
sucessor(16, 12, 19.7332).
sucessor(13, 16, 28.6915).
sucessor(16, 13, 28.6915).
sucessor(13, 17, 34.8092).
sucessor(17, 13, 34.8092).
sucessor(14, 15, 70.4162).
sucessor(15, 14, 70.4162).
sucessor(14, 17, 39.7847).
sucessor(17, 14, 39.7847).
sucessor(14, 18, 17.0577).
sucessor(18, 14, 17.0577).
sucessor(15, 18, 55.7066).
sucessor(18, 15, 55.7066).
sucessor(16, 17, 62.4191).
sucessor(17, 16, 62.4191).
sucessor(16, 20, 7.5723).
sucessor(20, 16, 7.5723).
sucessor(17, 19, 1.65652).
sucessor(19, 17, 1.65652).
sucessor(17, 21, 31.4312).
sucessor(21, 17, 31.4312).
sucessor(18, 19, 25.4147).
sucessor(19, 18, 25.4147).
sucessor(19, 22, 16.3092).
sucessor(22, 19, 16.3092).
sucessor(20, 22, 49.3899).
sucessor(22, 20, 49.3899).
sucessor(20, 24, 57.686).
sucessor(24, 20, 57.686).
sucessor(21, 23, 20.7993).
sucessor(23, 21, 20.7993).
sucessor(22, 25, 55.9647).
sucessor(25, 22, 55.9647).
sucessor(22, 26, 6.98818).
sucessor(26, 22, 6.98818).
sucessor(23, 25, 31.0108).
sucessor(25, 23, 31.0108).
sucessor(24, 25, 47.6705).
sucessor(25, 24, 47.6705).
sucessor(24, 28, 2.99658).
sucessor(28, 24, 2.99658).
sucessor(25, 28, 49.0147).
sucessor(28, 25, 49.0147).
sucessor(26, 27, 14.9043).
sucessor(27, 26, 14.9043).
sucessor(26, 28, 0.816651).
sucessor(28, 26, 0.816651).
sucessor(26, 29, 0.833933).
sucessor(29, 26, 0.833933).
sucessor(27, 29, 15.0959).
sucessor(29, 27, 15.0959).
sucessor(27, 31, 11.6821).
sucessor(31, 27, 11.6821).
sucessor(28, 31, 27.0199).
sucessor(31, 28, 27.0199).
sucessor(29, 31, 26.7074).
sucessor(31, 29, 26.7074).
sucessor(29, 32, 26.1935).
sucessor(32, 29, 26.1935).
sucessor(30, 31, 64.2836).
sucessor(31, 30, 64.2836).
sucessor(30, 34, 56.4253).
sucessor(34, 30, 56.4253).
sucessor(31, 32, 52.8339).
sucessor(32, 31, 52.8339).
sucessor(31, 33, 21.7219).
sucessor(33, 31, 21.7219).
sucessor(31, 35, 59.6214).
sucessor(35, 31, 59.6214).
sucessor(32, 33, 31.1274).
sucessor(33, 32, 31.1274).
sucessor(33, 36, 19.7735).
sucessor(36, 33, 19.7735).
sucessor(33, 37, 55.8645).
sucessor(37, 33, 55.8645).
sucessor(34, 36, 33.342).
sucessor(36, 34, 33.342).
sucessor(35, 36, 18.3544).
sucessor(36, 35, 18.3544).
sucessor(35, 37, 18.1389).
sucessor(37, 35, 18.1389).
sucessor(36, 38, 56.9815).
sucessor(38, 36, 56.9815).
sucessor(36, 39, 44.3274).
sucessor(39, 36, 44.3274).
sucessor(36, 40, 25.8108).
sucessor(40, 36, 25.8108).
sucessor(37, 40, 16.4849).
sucessor(40, 37, 16.4849).
sucessor(37, 41, 10.5284).
sucessor(41, 37, 10.5284).
sucessor(38, 39, 14.1743).
sucessor(39, 38, 14.1743).
sucessor(39, 40, 65.2359).
sucessor(40, 39, 65.2359).
sucessor(39, 41, 74.0101).
sucessor(41, 39, 74.0101).
sucessor(39, 43, 2.82802).
sucessor(43, 39, 2.82802).
sucessor(40, 41, 8.77579).
sucessor(41, 40, 8.77579).
sucessor(41, 44, 87.1599).
sucessor(44, 41, 87.1599).
sucessor(41, 45, 5.25378).
sucessor(45, 41, 5.25378).
sucessor(42, 43, 2.46557).
sucessor(43, 42, 2.46557).
sucessor(44, 47, 34.1607).
sucessor(47, 44, 34.1607).
sucessor(44, 48, 16.9263).
sucessor(48, 44, 16.9263).
sucessor(45, 47, 57.9402).
sucessor(47, 45, 57.9402).
sucessor(46, 49, 17.7082).
sucessor(49, 46, 17.7082).
sucessor(47, 51, 16.4314).
sucessor(51, 47, 16.4314).
sucessor(48, 51, 66.1632).
sucessor(51, 48, 66.1632).
sucessor(49, 51, 35.7968).
sucessor(51, 49, 35.7968).
sucessor(49, 52, 26.6073).
sucessor(52, 49, 26.6073).
sucessor(50, 51, 21.4184).
sucessor(51, 50, 21.4184).
sucessor(50, 54, 7.23796).
sucessor(54, 50, 7.23796).
sucessor(51, 52, 9.29063).
sucessor(52, 51, 9.29063).
sucessor(51, 55, 44.6808).
sucessor(55, 51, 44.6808).
sucessor(52, 54, 31.4995).
sucessor(54, 52, 31.4995).
sucessor(54, 56, 46.1969).
sucessor(56, 54, 46.1969).
sucessor(54, 57, 58.4389).
sucessor(57, 54, 58.4389).
sucessor(55, 58, 19.9914).
sucessor(58, 55, 19.9914).
sucessor(55, 59, 37.7703).
sucessor(59, 55, 37.7703).
sucessor(56, 59, 32.0608).
sucessor(59, 56, 32.0608).
sucessor(57, 60, 8.44651).
sucessor(60, 57, 8.44651).
sucessor(58, 59, 17.7933).
sucessor(59, 58, 17.7933).
sucessor(58, 61, 9.08453).
sucessor(61, 58, 9.08453).
sucessor(59, 61, 24.6853).
sucessor(61, 59, 24.6853).
sucessor(60, 62, 4.3808).
sucessor(62, 60, 4.3808).
sucessor(60, 64, 47.0823).
sucessor(64, 60, 47.0823).
sucessor(61, 63, 46.6106).
sucessor(63, 61, 46.6106).
sucessor(61, 64, 33.4358).
sucessor(64, 61, 33.4358).
sucessor(62, 63, 28.9066).
sucessor(63, 62, 28.9066).
sucessor(62, 64, 42.8561).
sucessor(64, 62, 42.8561).
sucessor(62, 66, 22.0906).
sucessor(66, 62, 22.0906).
sucessor(63, 67, 53.4617).
sucessor(67, 63, 53.4617).
sucessor(64, 66, 26.0174).
sucessor(66, 64, 26.0174).
sucessor(64, 68, 13.1572).
sucessor(68, 64, 13.1572).
sucessor(65, 68, 9.72796).
sucessor(68, 65, 9.72796).
sucessor(66, 67, 42.0991).
sucessor(67, 66, 42.0991).
sucessor(67, 70, 95.206).
sucessor(70, 67, 95.206).
sucessor(67, 71, 17.2046).
sucessor(71, 67, 17.2046).
sucessor(68, 71, 63.9641).
sucessor(71, 68, 63.9641).
sucessor(69, 70, 6.17733).
sucessor(70, 69, 6.17733).
sucessor(69, 71, 84.5743).
sucessor(71, 69, 84.5743).
sucessor(69, 72, 78.9568).
sucessor(72, 69, 78.9568).
sucessor(71, 72, 5.98794).
sucessor(72, 71, 5.98794).
sucessor(71, 74, 22.2997).
sucessor(74, 71, 22.2997).
sucessor(72, 75, 5.32079).
sucessor(75, 72, 5.32079).
sucessor(72, 76, 29.2528).
sucessor(76, 72, 29.2528).
sucessor(73, 75, 17.4102).
sucessor(75, 73, 17.4102).
sucessor(73, 77, 49.2259).
sucessor(77, 73, 49.2259).
sucessor(74, 75, 13.0272).
sucessor(75, 74, 13.0272).
sucessor(75, 78, 34.7099).
sucessor(78, 75, 34.7099).
sucessor(76, 78, 9.48112).
sucessor(78, 76, 9.48112).
sucessor(77, 1, 106.305).
sucessor(1, 77, 106.305).
sucessor(77, 79, 15.3083).
sucessor(79, 77, 15.3083).
sucessor(79, 2, 114.956).
sucessor(2, 79, 114.956).
