camiao(1, 200, 10000).

pontoGrafo(1, 2, 3).
pontoGrafo(2, 3, 11).
pontoGrafo(3, 5, 45).
pontoGrafo(4, 11, 41).
pontoGrafo(5, 12, 14).
pontoGrafo(6, 17, 49).
pontoGrafo(7, 18, 45).
pontoGrafo(8, 19, 12).
pontoGrafo(9, 19, 24).
pontoGrafo(10, 21, 16).
pontoGrafo(11, 21, 38).
pontoGrafo(12, 27, 36).
pontoGrafo(13, 28, 8).
pontoGrafo(14, 31, 27).
pontoGrafo(15, 34, 0).
pontoGrafo(16, 35, 44).
pontoGrafo(17, 41, 4).
pontoGrafo(18, 42, 32).
pontoGrafo(19, 45, 42).
pontoGrafo(20, 47, 26).

pontoInicial(3).
pontoFinal(14).

pontoAbastecimento(2).
pontoAbastecimento(5).
pontoAbastecimento(8).
pontoAbastecimento(9).
pontoAbastecimento(12).
pontoAbastecimento(14).

encomenda(1, 27644, 32662, 18, 'Kerry Johnson').
encomenda(2, 12859, 8723, 2, 'Nettie Caldwell').
encomenda(3, 778, 12316, 16, 'Carlos Poole').
encomenda(4, 1842, 288, 7, 'Melody Gray').
encomenda(5, 8942, 19264, 9, 'Alicia Hopkins').
encomenda(6, 23805, 15890, 10, 'Willis Williams').
encomenda(7, 15350, 15006, 2, 'Pamela Berry').
encomenda(8, 3548, 19629, 4, 'Steve Morton').
encomenda(9, 19954, 18756, 1, 'Calvin Estrada').

sucessor(1, 4, 42.2611).
sucessor(4, 1, 42.2611).
sucessor(1, 5, 15.1987).
sucessor(5, 1, 15.1987).
sucessor(2, 3, 34.9857).
sucessor(3, 2, 34.9857).
sucessor(2, 5, 6).
sucessor(5, 2, 6).
sucessor(3, 6, 8).
sucessor(6, 3, 8).
sucessor(4, 8, 32.7567).
sucessor(8, 4, 32.7567).
sucessor(5, 8, 4.24264).
sucessor(8, 5, 4.24264).
sucessor(6, 9, 25.9808).
sucessor(9, 6, 25.9808).
sucessor(6, 10, 34.9428).
sucessor(10, 6, 34.9428).
sucessor(7, 9, 21.4942).
sucessor(9, 7, 21.4942).
sucessor(8, 11, 26.9815).
sucessor(11, 8, 26.9815).
sucessor(9, 10, 8.94427).
sucessor(10, 9, 8.94427).
sucessor(10, 12, 22.8035).
sucessor(12, 10, 22.8035).
sucessor(10, 14, 15.1987).
sucessor(14, 10, 15.1987).
sucessor(11, 15, 44.0227).
sucessor(15, 11, 44.0227).
sucessor(12, 14, 10.8167).
sucessor(14, 12, 10.8167).
sucessor(12, 15, 39.3446).
sucessor(15, 12, 39.3446).
sucessor(13, 14, 20.445).
sucessor(14, 13, 20.445).
sucessor(14, 15, 28.4605).
sucessor(15, 14, 28.4605).
sucessor(16, 20, 23.2379).
sucessor(20, 16, 23.2379).
sucessor(17, 19, 39.95).
sucessor(19, 17, 39.95).
sucessor(18, 19, 11.4018).
sucessor(19, 18, 11.4018).
sucessor(19, 20, 16.9706).
sucessor(20, 19, 16.9706).
sucessor(20, 2, 29.7489).
sucessor(2, 20, 29.7489).
