camiao(1, 140, 201).

pontoGrafo(1, 0.02771, 0.629272).
pontoGrafo(2, 0.0498047, 0.859009).
pontoGrafo(3, 0.0636902, 0.254608).
pontoGrafo(4, 0.0768738, 0.768097).
pontoGrafo(5, 0.156494, 0.460052).
pontoGrafo(6, 0.189911, 0.443573).
pontoGrafo(7, 0.300262, 0.282166).
pontoGrafo(8, 0.339935, 0.0345764).
pontoGrafo(9, 0.359467, 0.723572).
pontoGrafo(10, 0.39447, 0.909515).
pontoGrafo(11, 0.419586, 0.815186).
pontoGrafo(12, 0.449738, 0.0129089).
pontoGrafo(13, 0.5625, 0.953461).
pontoGrafo(14, 0.677643, 0.557159).
pontoGrafo(15, 0.758636, 0.868073).
pontoGrafo(16, 0.762543, 0.824127).
pontoGrafo(17, 0.829956, 0.0879517).
pontoGrafo(18, 0.874451, 0.390991).
pontoGrafo(19, 0.913269, 0.853607).
pontoGrafo(20, 0.983307, 0.355347).

pontoInicial(1).
pontoFinal(9).

pontoAbastecimento(3).
pontoAbastecimento(8).
pontoAbastecimento(9).
pontoAbastecimento(11).
pontoAbastecimento(15).

encomenda(1, 11.0535, 1682.76, 4, 'Dean Joseph').
encomenda(2, 26.268, 1485.24, 2, 'Dominic Lawrence').
encomenda(3, 42.0395, 1879.44, 2, 'Fannie Franklin').
encomenda(4, 56.0395, 200.44, 7, 'Fannie Franklin').

sucessor(1, 2, 25.644).
sucessor(2, 1, 25.644).
sucessor(1, 4, 16.3637).
sucessor(4, 1, 16.3637).
sucessor(2, 3, 67.1733).
sucessor(3, 2, 67.1733).
sucessor(3, 6, 25.2492).
sucessor(6, 3, 25.2492).
sucessor(5, 6, 4.13992).
sucessor(6, 5, 4.13992).
sucessor(5, 9, 36.9585).
sucessor(9, 5, 36.9585).
sucessor(6, 7, 21.7249).
sucessor(7, 6, 21.7249).
sucessor(6, 10, 56.5409).
sucessor(10, 6, 56.5409).
sucessor(7, 8, 27.8608).
sucessor(8, 7, 27.8608).
sucessor(7, 10, 70.4871).
sucessor(10, 7, 70.4871).
sucessor(8, 9, 76.5858).
sucessor(9, 8, 76.5858).
sucessor(8, 10, 97.4041).
sucessor(10, 8, 97.4041).
sucessor(9, 10, 21.0233).
sucessor(10, 9, 21.0233).
sucessor(9, 13, 34.079).
sucessor(13, 9, 34.079).
sucessor(10, 12, 99.812).
sucessor(12, 10, 99.812).
sucessor(10, 14, 50.2268).
sucessor(14, 10, 50.2268).
sucessor(11, 12, 89.2048).
sucessor(12, 11, 89.2048).
sucessor(11, 14, 40.5473).
sucessor(14, 11, 40.5473).
sucessor(12, 15, 101.027).
sucessor(15, 12, 101.027).
sucessor(13, 15, 23.7686).
sucessor(15, 13, 23.7686).
sucessor(13, 17, 100.655).
sucessor(17, 13, 100.655).
sucessor(14, 16, 31.1269).
sucessor(16, 14, 31.1269).
sucessor(15, 16, 4.90206).
sucessor(16, 15, 4.90206).
sucessor(15, 18, 54.5486).
sucessor(18, 15, 54.5486).
sucessor(16, 17, 82.1395).
sucessor(17, 16, 82.1395).
sucessor(16, 19, 17.0647).
sucessor(19, 16, 17.0647).
sucessor(18, 1, 97.7366).
sucessor(1, 18, 97.7366).
sucessor(18, 2, 105.355).
sucessor(2, 18, 105.355).
sucessor(19, 1, 101.504).
sucessor(1, 19, 101.504).
sucessor(19, 20, 55.9065).
sucessor(20, 19, 55.9065).
sucessor(20, 1, 110.454).
sucessor(1, 20, 110.454).
sucessor(20, 4, 110.665).
sucessor(4, 20, 110.665).
