camiao(1, 2000, 456).

pontoGrafo(1, 0.0280457, 0.219086).
pontoGrafo(2, 0.0318298, 0.387054).
pontoGrafo(3, 0.0492554, 0.607697).
pontoGrafo(4, 0.0601196, 0.520203).
pontoGrafo(5, 0.107086, 0.870575).
pontoGrafo(6, 0.126465, 0.915253).
pontoGrafo(7, 0.156982, 0.498962).
pontoGrafo(8, 0.163086, 0.0509949).
pontoGrafo(9, 0.168793, 0.898224).
pontoGrafo(10, 0.17691, 0.434784).
pontoGrafo(11, 0.22702, 0.504303).
pontoGrafo(12, 0.245026, 0.284424).
pontoGrafo(13, 0.247589, 0.423004).
pontoGrafo(14, 0.316589, 0.997864).
pontoGrafo(15, 0.331543, 0.865356).
pontoGrafo(16, 0.3461, 0.577972).
pontoGrafo(17, 0.35498, 0.207062).
pontoGrafo(18, 0.366821, 0.10141).
pontoGrafo(19, 0.374634, 0.474945).
pontoGrafo(20, 0.387604, 0.600586).
pontoGrafo(21, 0.396301, 0.560303).
pontoGrafo(22, 0.418915, 0.219635).
pontoGrafo(23, 0.419495, 0.508087).
pontoGrafo(24, 0.430481, 0.435242).
pontoGrafo(25, 0.449066, 0.613403).
pontoGrafo(26, 0.45752, 0.354614).
pontoGrafo(27, 0.460022, 0.962097).
pontoGrafo(28, 0.472137, 0.611267).
pontoGrafo(29, 0.543945, 0.794861).
pontoGrafo(30, 0.585754, 0.85788).
pontoGrafo(31, 0.641052, 0.201477).
pontoGrafo(32, 0.658722, 0.944122).
pontoGrafo(33, 0.660461, 0.809814).
pontoGrafo(34, 0.673462, 0.442993).
pontoGrafo(35, 0.69339, 0.872559).
pontoGrafo(36, 0.707947, 0.993042).
pontoGrafo(37, 0.716858, 0.369293).
pontoGrafo(38, 0.736938, 0.304108).
pontoGrafo(39, 0.759827, 0.71991).
pontoGrafo(40, 0.783081, 0.823669).
pontoGrafo(41, 0.8172, 0.0699158).
pontoGrafo(42, 0.85379, 0.162689).
pontoGrafo(43, 0.874512, 0.753357).
pontoGrafo(44, 0.87796, 0.117859).
pontoGrafo(45, 0.894562, 0.302765).
pontoGrafo(46, 0.910431, 0.414459).
pontoGrafo(47, 0.9534, 0.70816).
pontoGrafo(48, 0.954041, 0.896515).
pontoGrafo(49, 0.957275, 0.503265).
pontoGrafo(50, 0.977051, 0.363342).

pontoInicial(13).
pontoFinal(45).

pontoAbastecimento(2).
pontoAbastecimento(20).
pontoAbastecimento(23).
pontoAbastecimento(26).
pontoAbastecimento(27).
pontoAbastecimento(30).
pontoAbastecimento(39).
pontoAbastecimento(40).
pontoAbastecimento(46).

encomenda(1, 39.4272, 257.321, 1, 'Jeannette Cobb').
encomenda(2, 4.58374, 2192.66, 28, 'Allen Swanson').
encomenda(3, 35.1898, 1502.17, 37, 'Rosa Norton').
encomenda(4, 7.83234, 2234.3, 3, 'Angelica Simon').
encomenda(5, 13.4613, 1852.14, 22, 'Dean Joseph').
encomenda(6, 32.785, 233.451, 8, 'Forrest Washington').
encomenda(7, 18.4006, 162.297, 25, 'Daniel Griffin').
encomenda(8, 22.7371, 953.759, 49, 'Percy Stokes').
encomenda(9, 35.8475, 595.931, 25, 'Fannie Franklin').
encomenda(10, 22.139, 551.622, 7, 'Darnell Walters').
encomenda(11, 20.0821, 1115.67, 29, 'Damon Cox').
encomenda(12, 43.9758, 1462.97, 6, 'Rachel Gonzalez').
encomenda(13, 1.828, 2278.38, 46, 'Garrett Douglas').
encomenda(14, 18.4021, 113.336, 34, 'Connie Strickland').
encomenda(15, 27.5146, 1349.34, 42, 'Calvin Estrada').

sucessor(1, 5, 72.9185).
sucessor(5, 1, 72.9185).
sucessor(2, 4, 15.1245).
sucessor(4, 2, 15.1245).
sucessor(2, 6, 59.6232).
sucessor(6, 2, 59.6232).
sucessor(3, 4, 9.7962).
sucessor(4, 3, 9.7962).
sucessor(3, 5, 29.9072).
sucessor(5, 3, 29.9072).
sucessor(4, 7, 11.0182).
sucessor(7, 4, 11.0182).
sucessor(5, 6, 5.41105).
sucessor(6, 5, 5.41105).
sucessor(5, 8, 91.2768).
sucessor(8, 5, 91.2768).
sucessor(6, 9, 5.06943).
sucessor(9, 6, 5.06943).
sucessor(7, 8, 49.7788).
sucessor(8, 7, 49.7788).
sucessor(7, 9, 44.3818).
sucessor(9, 7, 44.3818).
sucessor(8, 9, 94.1387).
sucessor(9, 8, 94.1387).
sucessor(8, 12, 27.4881).
sucessor(12, 8, 27.4881).
sucessor(9, 13, 53.5231).
sucessor(13, 9, 53.5231).
sucessor(10, 13, 7.96152).
sucessor(13, 10, 7.96152).
sucessor(11, 12, 24.5128).
sucessor(12, 11, 24.5128).
sucessor(12, 13, 15.4004).
sucessor(13, 12, 15.4004).
sucessor(13, 14, 64.3318).
sucessor(14, 13, 64.3318).
sucessor(13, 17, 26.7969).
sucessor(17, 13, 26.7969).
sucessor(14, 18, 99.7622).
sucessor(18, 14, 99.7622).
sucessor(15, 18, 84.9734).
sucessor(18, 15, 84.9734).
sucessor(16, 19, 11.8784).
sucessor(19, 16, 11.8784).
sucessor(17, 19, 29.8448).
sucessor(19, 17, 29.8448).
sucessor(18, 19, 41.513).
sucessor(19, 18, 41.513).
sucessor(18, 20, 55.5121).
sucessor(20, 18, 55.5121).
sucessor(18, 22, 14.3548).
sucessor(22, 18, 14.3548).
sucessor(19, 21, 9.78498).
sucessor(21, 19, 9.78498).
sucessor(19, 22, 28.7913).
sucessor(22, 19, 28.7913).
sucessor(20, 21, 4.57905).
sucessor(21, 20, 4.57905).
sucessor(21, 25, 8.31762).
sucessor(25, 21, 8.31762).
sucessor(22, 23, 32.0503).
sucessor(23, 22, 32.0503).
sucessor(22, 26, 15.599).
sucessor(26, 22, 15.599).
sucessor(23, 25, 12.1543).
sucessor(25, 23, 12.1543).
sucessor(24, 25, 19.9032).
sucessor(25, 24, 19.9032).
sucessor(25, 26, 28.7697).
sucessor(26, 25, 28.7697).
sucessor(26, 27, 67.4987).
sucessor(27, 26, 67.4987).
sucessor(26, 29, 49.85).
sucessor(29, 26, 49.85).
sucessor(27, 30, 18.1455).
sucessor(30, 27, 18.1455).
sucessor(28, 29, 21.9041).
sucessor(29, 28, 21.9041).
sucessor(28, 30, 30.1696).
sucessor(30, 28, 30.1696).
sucessor(28, 31, 49.2487).
sucessor(31, 28, 49.2487).
sucessor(29, 33, 13.0524).
sucessor(33, 29, 13.0524).
sucessor(30, 33, 9.8704).
sucessor(33, 30, 9.8704).
sucessor(31, 32, 82.5395).
sucessor(32, 31, 82.5395).
sucessor(32, 34, 55.7051).
sucessor(34, 32, 55.7051).
sucessor(32, 35, 8.83542).
sucessor(35, 32, 8.83542).
sucessor(33, 36, 21.0312).
sucessor(36, 33, 21.0312).
sucessor(35, 39, 18.4978).
sucessor(39, 35, 18.4978).
sucessor(36, 38, 76.616).
sucessor(38, 36, 76.616).
sucessor(36, 39, 30.8906).
sucessor(39, 36, 30.8906).
sucessor(37, 40, 51.0196).
sucessor(40, 37, 51.0196).
sucessor(38, 41, 27.5071).
sucessor(41, 38, 27.5071).
sucessor(39, 42, 62.7875).
sucessor(42, 39, 62.7875).
sucessor(40, 43, 12.8156).
sucessor(43, 40, 12.8156).
sucessor(40, 44, 79.1288).
sucessor(44, 40, 79.1288).
sucessor(41, 43, 76.2044).
sucessor(43, 41, 76.2044).
sucessor(41, 44, 8.59973).
sucessor(44, 41, 8.59973).
sucessor(42, 44, 5.65897).
sucessor(44, 42, 5.65897).
sucessor(43, 44, 70.6119).
sucessor(44, 43, 70.6119).
sucessor(43, 45, 50.1153).
sucessor(45, 43, 50.1153).
sucessor(44, 45, 20.6278).
sucessor(45, 44, 20.6278).
sucessor(45, 47, 45.5159).
sucessor(47, 45, 45.5159).
sucessor(46, 47, 32.9809).
sucessor(47, 46, 32.9809).
sucessor(46, 50, 9.33012).
sucessor(50, 46, 9.33012).
sucessor(47, 48, 20.9284).
sucessor(48, 47, 20.9284).
sucessor(48, 1, 127.482).
sucessor(1, 48, 127.482).
sucessor(49, 1, 107.968).
sucessor(1, 49, 107.968).
sucessor(50, 1, 106.656).
sucessor(1, 50, 106.656).
sucessor(50, 4, 103.361).
sucessor(4, 50, 103.361).
